tamanho;bubble;insertion;heap;merge;quick;radix
1,0,0,0
2,1,1,6
3,3,2,12
4,6,3,15
5,10,4,30
6,15,9,33
7,21,17,45
8,28,24,60
9,36,23,66
10,45,35,90
11,55,38,78
12,66,34,108
13,78,39,93
14,91,45,138
15,105,58,132
16,120,61,174
17,136,61,195
18,153,97,177
19,171,90,207
20,190,93,231
21,210,129,231
22,231,149,264
23,253,118,279
24,276,114,300
25,300,130,324
26,325,217,327
27,351,199,342
28,378,167,375
29,406,194,393
30,435,176,372
31,465,220,399
32,496,270,456
33,528,288,438
34,561,328,435
35,595,310,486
36,630,352,531
37,666,347,528
38,703,366,552
39,741,481,561
40,780,453,582
41,820,492,591
42,861,456,621
43,903,442,651
44,946,532,672
45,990,521,678
46,1035,519,681
47,1081,592,717
48,1128,586,735
49,1176,573,762
50,1225,614,771
51,1275,747,807
52,1326,690,822
53,1378,752,813
54,1431,862,849
55,1485,767,882
56,1540,801,888
57,1596,795,924
58,1653,770,993
59,1711,903,951
60,1770,990,996
61,1830,828,996
62,1891,858,1002
63,1953,966,1035
64,2016,986,1050
65,2080,966,1092
66,2145,1068,1095
67,2211,1045,1158
68,2278,1144,1149
69,2346,1198,1179
70,2415,1245,1191
71,2485,1127,1203
72,2556,1211,1260
73,2628,1399,1269
74,2701,1302,1320
75,2775,1321,1362
76,2850,1476,1326
77,2926,1375,1377
78,3003,1593,1359
79,3081,1685,1410
80,3160,1553,1443
81,3240,1866,1428
82,3321,1759,1455
83,3403,1601,1482
84,3486,1638,1524
85,3570,1828,1584
86,3655,1757,1560
87,3741,1723,1605
88,3828,1745,1593
89,3916,2081,1602
90,4005,2422,1650
91,4095,1936,1698
92,4186,2013,1713
93,4278,2170,1725
94,4371,2070,1740
95,4465,2577,1731
96,4560,2160,1749
97,4656,2387,1812
98,4753,2259,1839
99,4851,2751,1821
100,4950,2435,1884
101,5050,2578,1923
102,5151,2867,1866
103,5253,2984,1920
104,5356,3142,1917
105,5460,2967,2010
106,5565,2628,2004
107,5671,2882,2073
108,5778,3019,2076
109,5886,3197,2004
110,5995,2914,2136
111,6105,3135,2118
112,6216,3200,2163
113,6328,3216,2199
114,6441,3253,2205
115,6555,3438,2238
116,6670,3236,2235
117,6786,3585,2241
118,6903,3821,2301
119,7021,3224,2334
120,7140,3404,2367
121,7260,3695,2352
122,7381,3645,2361
123,7503,4051,2412
124,7626,3955,2445
125,7750,3982,2466
126,7875,4150,2490
127,8001,4456,2463
128,8128,3583,2538
129,8256,4273,2520
130,8385,4347,2547
131,8515,4115,2616
132,8646,4048,2628
133,8778,4274,2652
134,8911,4650,2661
135,9045,4242,2718
136,9180,4402,2733
137,9316,4661,2751
138,9453,4462,2823
139,9591,5000,2820
140,9730,5395,2757
141,9870,4615,2895
142,10011,5473,2868
143,10153,5211,2901
144,10296,5163,2928
145,10440,5118,2958
146,10585,5437,2988
147,10731,5153,3000
148,10878,5322,3075
149,11026,5387,3066
150,11175,5987,3099
151,11325,5712,3060
152,11476,5780,3096
153,11628,5944,3153
154,11781,5769,3198
155,11935,5960,3168
156,12090,6480,3222
157,12246,6254,3243
158,12403,6930,3228
159,12561,6301,3336
160,12720,6519,3330
161,12880,6654,3354
162,13041,6428,3369
163,13203,7228,3396
164,13366,7149,3438
165,13530,6529,3501
166,13695,6797,3462
167,13861,6937,3513
168,14028,7223,3528
169,14196,6695,3564
170,14365,6996,3585
171,14535,7421,3621
172,14706,7430,3615
173,14878,7548,3678
174,15051,7718,3702
175,15225,7595,3723
176,15400,7214,3822
177,15576,7082,3771
178,15753,7768,3822
179,15931,8627,3792
180,16110,8311,3864
181,16290,8791,3843
182,16471,8130,3960
183,16653,8231,3942
184,16836,8494,3942
185,17020,8388,4026
186,17205,8734,3954
187,17391,9202,4014
188,17578,8171,4113
189,17766,9340,4071
190,17955,9290,4089
191,18145,9201,4080
192,18336,9549,4176
193,18528,8774,4191
194,18721,9476,4173
195,18915,9469,4284
196,19110,8887,4242
197,19306,9278,4284
198,19503,9877,4320
199,19701,8969,4389
200,19900,9421,4389
201,20100,10148,4362
202,20301,10528,4449
203,20503,10531,4440
204,20706,10568,4464
205,20910,10311,4575
206,21115,11609,4497
207,21321,11599,4500
208,21528,11501,4539
209,21736,10640,4644
210,21945,12294,4611
211,22155,11635,4668
212,22366,11515,4671
213,22578,10611,4713
214,22791,11398,4731
215,23005,11323,4752
216,23220,11797,4776
217,23436,11876,4848
218,23653,12036,4848
219,23871,12056,4824
220,24090,12016,4854
221,24310,12484,4911
222,24531,12681,4974
223,24753,12399,5010
224,24976,12440,5001
225,25200,13362,5073
226,25425,13265,5064
227,25651,12786,5148
228,25878,13578,5085
229,26106,13010,5133
230,26335,13586,5082
231,26565,13142,5196
232,26796,13183,5244
233,27028,14088,5214
234,27261,14020,5268
235,27495,14426,5277
236,27730,14462,5319
237,27966,15373,5256
238,28203,14575,5349
239,28441,13856,5385
240,28680,14190,5436
241,28920,13915,5463
242,29161,14449,5454
243,29403,14135,5532
244,29646,15560,5541
245,29890,15478,5562
246,30135,14882,5553
247,30381,15647,5610
248,30628,16298,5562
249,30876,16343,5607
250,31125,16692,5646
251,31375,15835,5724
252,31626,15512,5769
253,31878,15666,5817
254,32131,15206,5820
255,32385,16024,5781
256,32640,16179,5889
257,32896,16179,5889
258,33153,17145,5919
259,33411,16231,5979
260,33670,17130,5985
261,33930,16684,5997
262,34191,17013,6042
263,34453,16681,5967
264,34716,16011,6126
265,34980,16863,6108
266,35245,18611,6099
267,35511,18092,6156
268,35778,18609,6159
269,36046,18429,6195
270,36315,18325,6249
271,36585,18930,6273
272,36856,18234,6219
273,37128,19021,6327
274,37401,17499,6366
275,37675,19074,6345
276,37950,19192,6399
277,38226,20588,6423
278,38503,19516,6486
279,38781,19637,6471
280,39060,20210,6501
281,39340,19062,6609
282,39621,21255,6516
283,39903,20272,6567
284,40186,21719,6549
285,40470,21023,6675
286,40755,20025,6633
287,41041,19531,6723
288,41328,21231,6720
289,41616,21279,6792
290,41905,21119,6780
291,42195,21074,6783
292,42486,21590,6855
293,42778,21074,6873
294,43071,23100,6912
295,43365,21253,6990
296,43660,23062,6918
297,43956,21083,6990
298,44253,22052,6948
299,44551,21886,7074
300,44850,22772,7116
301,45150,24347,7059
302,45451,21986,7134
303,45753,23581,7134
304,46056,23536,7224
305,46360,25174,7182
306,46665,24208,7215
307,46971,23486,7290
308,47278,23305,7281
309,47586,22817,7317
310,47895,22934,7299
311,48205,24558,7365
312,48516,23889,7461
313,48828,23560,7434
314,49141,25226,7473
315,49455,25565,7485
316,49770,26394,7524
317,50086,25048,7563
318,50403,25796,7581
319,50721,24190,7626
320,51040,25469,7659
321,51360,25852,7638
322,51681,24717,7710
323,52003,27695,7710
324,52326,24772,7740
325,52650,25301,7764
326,52975,24611,7884
327,53301,27212,7920
328,53628,27147,7863
329,53956,27012,7971
330,54285,28813,7893
331,54615,28525,7950
332,54946,27125,8013
333,55278,28785,8028
334,55611,27042,8058
335,55945,29483,8097
336,56280,29692,8022
337,56616,27382,8190
338,56953,27888,8193
339,57291,28066,8145
340,57630,30792,8241
341,57970,31136,8220
342,58311,28606,8310
343,58653,28882,8346
344,58996,30934,8265
345,59340,27980,8289
346,59685,31328,8379
347,60031,29538,8475
348,60378,29437,8391
349,60726,29888,8481
350,61075,31295,8502
351,61425,29559,8625
352,61776,31025,8562
353,62128,30877,8601
354,62481,32211,8616
355,62835,31562,8640
356,63190,29341,8631
357,63546,30636,8754
358,63903,31458,8784
359,64261,33244,8763
360,64620,32072,8856
361,64980,33308,8835
362,65341,32509,8859
363,65703,32574,8850
364,66066,35087,8841
365,66430,35029,8922
366,66795,32013,8934
367,67161,34068,8976
368,67528,33856,9015
369,67896,35322,9024
370,68265,33930,9114
371,68635,34175,9123
372,69006,35559,9093
373,69378,32903,9210
374,69751,33804,9204
375,70125,34550,9171
376,70500,33861,9300
377,70876,35234,9345
378,71253,35059,9303
379,71631,35442,9369
380,72010,36922,9339
381,72390,37101,9381
382,72771,36032,9399
383,73153,37464,9333
384,73536,36187,9516
385,73920,36972,9552
386,74305,40002,9540
387,74691,36517,9543
388,75078,34748,9684
389,75466,36877,9657
390,75855,37904,9717
391,76245,38884,9699
392,76636,37482,9726
393,77028,39029,9825
394,77421,39295,9783
395,77815,38813,9738
396,78210,38660,9894
397,78606,41013,9831
398,79003,39279,9963
399,79401,38206,9963
400,79800,38824,9960
401,80200,38386,9945
402,80601,41572,9966
403,81003,40423,10032
404,81406,41083,10089
405,81810,41901,10020
406,82215,40031,10176
407,82621,40992,10107
408,83028,41161,10182
409,83436,39499,10266
410,83845,43716,10209
411,84255,42133,10296
412,84666,43610,10230
413,85078,43918,10263
414,85491,42063,10410
415,85905,42636,10359
416,86320,44582,10386
417,86736,43564,10446
418,87153,41223,10539
419,87571,42609,10488
420,87990,46088,10494
421,88410,46593,10515
422,88831,43289,10653
423,89253,44525,10635
424,89676,41840,10740
425,90100,47256,10647
426,90525,44503,10707
427,90951,48466,10677
428,91378,45128,10770
429,91806,46631,10818
430,92235,44438,10881
431,92665,46230,10818
432,93096,46797,10872
433,93528,45355,10935
434,93961,46601,10944
435,94395,46848,11004
436,94830,47781,11037
437,95266,46009,11043
438,95703,48411,11070
439,96141,49410,11070
440,96580,49477,11130
441,97020,50823,11178
442,97461,48808,11076
443,97903,49766,11196
444,98346,48001,11241
445,98790,48836,11265
446,99235,51909,11238
447,99681,48739,11343
448,100128,49097,11265
449,100576,50110,11361
450,101025,50455,11391
451,101475,49344,11421
452,101926,51455,11466
453,102378,51693,11493
454,102831,53420,11394
455,103285,52234,11580
456,103740,51380,11598
457,104196,52964,11538
458,104653,49249,11754
459,105111,51388,11682
460,105570,54145,11766
461,106030,52207,11694
462,106491,51625,11787
463,106953,54387,11784
464,107416,53440,11814
465,107880,52550,11889
466,108345,53013,11778
467,108811,54570,11904
468,109278,55678,11925
469,109746,54978,11976
470,110215,56009,11976
471,110685,56041,12039
472,111156,54854,12045
473,111628,56190,12108
474,112101,53142,12135
475,112575,53694,12165
476,113050,57348,12069
477,113526,53853,12216
478,114003,55661,12270
479,114481,57366,12303
480,114960,55899,12258
481,115440,55352,12390
482,115921,57992,12327
483,116403,61128,12342
484,116886,60260,12366
485,117370,57092,12465
486,117855,58334,12492
487,118341,56302,12501
488,118828,63211,12477
489,119316,61620,12507
490,119805,61648,12651
491,120295,60158,12504
492,120786,63167,12669
493,121278,58414,12741
494,121771,60551,12723
495,122265,62175,12693
496,122760,62931,12702
497,123256,59329,12813
498,123753,58805,12873
499,124251,62847,12873
500,124750,61008,12813
501,125250,61681,12942
502,125751,63209,12963
503,126253,63887,13035
504,126756,60765,13062
505,127260,62398,13008
506,127765,60639,13044
507,128271,63414,13173
508,128778,64695,13089
509,129286,65567,13092
510,129795,65216,13134
511,130305,67320,13176
512,130816,64834,13254
513,131328,67791,13320
514,131841,66324,13332
515,132355,62725,13350
516,132870,66579,13371
517,133386,66080,13374
518,133903,68401,13434
519,134421,70026,13323
520,134940,68571,13422
521,135460,67617,13482
522,135981,68977,13512
523,136503,69123,13548
524,137026,69007,13539
525,137550,65815,13698
526,138075,67419,13620
527,138601,67976,13671
528,139128,69160,13725
529,139656,68722,13809
530,140185,65338,13815
531,140715,68818,13704
532,141246,69243,13890
533,141778,70454,13902
534,142311,68892,13923
535,142845,73370,13932
536,143380,72580,13938
537,143916,71831,14043
538,144453,71056,14037
539,144991,72178,13953
540,145530,70108,14121
541,146070,72134,14133
542,146611,74056,14115
543,147153,70617,14154
544,147696,72249,14163
545,148240,70971,14238
546,148785,77631,14253
547,149331,74606,14259
548,149878,76350,14346
549,150426,74365,14400
550,150975,76295,14469
551,151525,76704,14421
552,152076,73145,14484
553,152628,79937,14394
554,153181,74825,14508
555,153735,80889,14538
556,154290,76304,14592
557,154846,76562,14658
558,155403,77856,14580
559,155961,78793,14745
560,156520,77195,14802
561,157080,77381,14727
562,157641,77076,14802
563,158203,80952,14697
564,158766,81972,14775
565,159330,80536,14820
566,159895,79840,14922
567,160461,82339,14991
568,161028,78802,14961
569,161596,81493,14904
570,162165,78236,14943
571,162735,80616,15009
572,163306,79726,15123
573,163878,83741,15081
574,164451,82884,15075
575,165025,78647,15198
576,165600,83332,15177
577,166176,84467,15222
578,166753,90469,15216
579,167331,84338,15306
580,167910,89026,15294
581,168490,83449,15420
582,169071,86297,15399
583,169653,85250,15321
584,170236,84194,15429
585,170820,84789,15417
586,171405,84649,15558
587,171991,87595,15459
588,172578,88475,15570
589,173166,84202,15591
590,173755,88769,15678
591,174345,87647,15600
592,174936,93420,15591
593,175528,93996,15666
594,176121,85263,15723
595,176715,87966,15810
596,177310,90650,15828
597,177906,85560,15906
598,178503,88345,15834
599,179101,92504,15858
600,179700,90127,16074
601,180300,87158,16008
602,180901,92681,16029
603,181503,91313,16071
604,182106,93378,16062
605,182710,93305,16104
606,183315,94727,16059
607,183921,93741,16143
608,184528,95902,16188
609,185136,92135,16170
610,185745,87951,16335
611,186355,95403,16296
612,186966,91361,16296
613,187578,95458,16386
614,188191,92240,16257
615,188805,92082,16410
616,189420,96295,16413
617,190036,93310,16440
618,190653,96140,16551
619,191271,92736,16632
620,191890,96645,16611
621,192510,94343,16623
622,193131,92770,16704
623,193753,96521,16650
624,194376,99418,16683
625,195000,99341,16701
626,195625,91922,16803
627,196251,101230,16824
628,196878,96992,16818
629,197506,99637,16902
630,198135,96755,16905
631,198765,101965,16923
632,199396,100058,16767
633,200028,100239,16950
634,200661,102640,17097
635,201295,101217,17037
636,201930,101851,17076
637,202566,106193,17094
638,203203,101635,17136
639,203841,100639,17172
640,204480,102881,17193
641,205120,102177,17163
642,205761,102128,17271
643,206403,103948,17229
644,207046,104578,17352
645,207690,102543,17325
646,208335,110226,17331
647,208981,101779,17490
648,209628,103902,17484
649,210276,103019,17451
650,210925,110636,17475
651,211575,107704,17562
652,212226,110794,17505
653,212878,110321,17562
654,213531,109637,17568
655,214185,106520,17739
656,214840,105324,17691
657,215496,106967,17742
658,216153,109330,17691
659,216811,106915,17784
660,217470,106960,17931
661,218130,109125,17787
662,218791,109608,17946
663,219453,115323,17880
664,220116,109550,17988
665,220780,109243,18051
666,221445,111328,18063
667,222111,110410,18072
668,222778,115369,18126
669,223446,112723,18078
670,224115,112391,18132
671,224785,115555,18087
672,225456,111393,18219
673,226128,106437,18165
674,226801,110573,18303
675,227475,112756,18360
676,228150,116731,18237
677,228826,113750,18402
678,229503,116074,18306
679,230181,112184,18495
680,230860,115063,18507
681,231540,116561,18522
682,232221,123623,18438
683,232903,114217,18525
684,233586,118296,18603
685,234270,117777,18498
686,234955,118929,18615
687,235641,120342,18654
688,236328,118156,18681
689,237016,118547,18765
690,237705,114388,18756
691,238395,118590,18744
692,239086,115240,18876
693,239778,122732,18825
694,240471,118808,19002
695,241165,122002,18873
696,241860,119739,18909
697,242556,121269,18957
698,243253,119420,19092
699,243951,122440,19005
700,244650,121946,19104
701,245350,116812,19122
702,246051,120944,19158
703,246753,124639,19194
704,247456,123884,19260
705,248160,122139,19287
706,248865,122921,19335
707,249571,123959,19338
708,250278,124850,19419
709,250986,125501,19455
710,251695,129171,19395
711,252405,128956,19386
712,253116,128784,19398
713,253828,126555,19485
714,254541,131410,19488
715,255255,127360,19557
716,255970,126643,19788
717,256686,131725,19554
718,257403,124916,19587
719,258121,127843,19827
720,258840,132413,19776
721,259560,126858,19761
722,260281,128608,19731
723,261003,131681,19761
724,261726,129511,19920
725,262450,131472,19902
726,263175,132531,19920
727,263901,131963,19875
728,264628,135207,19917
729,265356,139181,19902
730,266085,138363,19935
731,266815,134857,20094
732,267546,131115,20145
733,268278,132905,20148
734,269011,130744,20208
735,269745,135090,20235
736,270480,133875,20238
737,271216,135803,20310
738,271953,131043,20370
739,272691,133139,20424
740,273430,134904,20349
741,274170,136298,20427
742,274911,133746,20574
743,275653,132299,20451
744,276396,140780,20451
745,277140,139677,20517
746,277885,132303,20616
747,278631,133433,20658
748,279378,135396,20637
749,280126,143838,20634
750,280875,136143,20757
751,281625,142746,20697
752,282376,142986,20667
753,283128,139763,20811
754,283881,144431,20844
755,284635,145927,20844
756,285390,147639,20799
757,286146,144430,20931
758,286903,141774,20991
759,287661,148979,20940
760,288420,146613,21054
761,289180,142143,21018
762,289941,153378,20943
763,290703,149488,21072
764,291466,145383,21144
765,292230,149573,21096
766,292995,143714,21198
767,293761,145886,21177
768,294528,149949,21198
769,295296,145754,21261
770,296065,147863,21345
771,296835,152098,21393
772,297606,145274,21474
773,298378,155233,21306
774,299151,149292,21402
775,299925,148112,21543
776,300700,155073,21537
777,301476,144446,21561
778,302253,149182,21669
779,303031,154737,21591
780,303810,148351,21681
781,304590,151476,21744
782,305371,154742,21726
783,306153,159723,21681
784,306936,151448,21723
785,307720,151039,21777
786,308505,151311,21828
787,309291,155065,21792
788,310078,147739,21891
789,310866,156088,21903
790,311655,155798,21897
791,312445,160811,22008
792,313236,152824,22014
793,314028,157247,22011
794,314821,156669,22140
795,315615,154608,22077
796,316410,157818,22182
797,317206,156587,22155
798,318003,162798,22254
799,318801,159709,22176
800,319600,157727,22236
801,320400,158589,22383
802,321201,165547,22320
803,322003,161794,22296
804,322806,167973,22311
805,323610,159862,22449
806,324415,160060,22509
807,325221,160111,22587
808,326028,161918,22539
809,326836,169410,22467
810,327645,167516,22578
811,328455,167654,22632
812,329266,161466,22689
813,330078,159553,22770
814,330891,159740,22752
815,331705,166864,22731
816,332520,171200,22728
817,333336,163791,22869
818,334153,169311,22821
819,334971,172518,22812
820,335790,168738,22902
821,336610,172497,22827
822,337431,173158,22887
823,338253,167815,22980
824,339076,166652,23049
825,339900,167703,23214
826,340725,163315,23070
827,341551,180007,22995
828,342378,170887,23229
829,343206,168445,23283
830,344035,170660,23109
831,344865,172107,23313
832,345696,172077,23352
833,346528,170011,23418
834,347361,172844,23370
835,348195,179016,23400
836,349030,170234,23463
837,349866,169383,23544
838,350703,180354,23460
839,351541,171190,23517
840,352380,176093,23502
841,353220,175955,23487
842,354061,177448,23610
843,354903,178430,23688
844,355746,183182,23742
845,356590,179597,23766
846,357435,179573,23835
847,358281,178160,23736
848,359128,178347,23808
849,359976,183372,23958
850,360825,181603,23901
851,361675,176442,23970
852,362526,179246,24027
853,363378,181037,24033
854,364231,189305,23892
855,365085,178028,24057
856,365940,191506,24048
857,366796,181658,24129
858,367653,178385,24240
859,368511,186058,24135
860,369370,183158,24147
861,370230,184548,24228
862,371091,192118,24222
863,371953,192259,24324
864,372816,186972,24297
865,373680,192897,24327
866,374545,177834,24345
867,375411,189601,24330
868,376278,192079,24570
869,377146,190364,24396
870,378015,190028,24675
871,378885,187287,24522
872,379756,182789,24627
873,380628,192592,24621
874,381501,198002,24636
875,382375,196208,24726
876,383250,191849,24774
877,384126,188185,24765
878,385003,195079,24699
879,385881,192236,24858
880,386760,196795,24771
881,387640,200616,24771
882,388521,194912,24960
883,389403,191111,24903
884,390286,198811,25047
885,391170,193756,25107
886,392055,201161,25035
887,392941,193049,25014
888,393828,195462,25095
889,394716,195608,24996
890,395605,200607,25158
891,396495,198689,25191
892,397386,205892,25155
893,398278,203204,25170
894,399171,200633,25368
895,400065,199170,25353
896,400960,190565,25506
897,401856,202296,25503
898,402753,198203,25473
899,403651,200475,25482
900,404550,204941,25521
901,405450,199739,25599
902,406351,197396,25602
903,407253,207092,25515
904,408156,198936,25623
905,409060,209387,25638
906,409965,200562,25650
907,410871,203228,25710
908,411778,199681,25953
909,412686,212412,25668
910,413595,209516,25794
911,414505,208421,25863
912,415416,200731,25977
913,416328,206923,25932
914,417241,203287,26043
915,418155,206992,25995
916,419070,202345,26148
917,419986,207484,26112
918,420903,199708,26058
919,421821,210621,26118
920,422740,210351,26142
921,423660,213876,26109
922,424581,206134,26226
923,425503,215707,26205
924,426426,210859,26262
925,427350,225128,26127
926,428275,218641,26355
927,429201,214305,26322
928,430128,213874,26451
929,431056,216921,26463
930,431985,212602,26484
931,432915,214988,26568
932,433846,213823,26523
933,434778,213748,26574
934,435711,221043,26697
935,436645,223842,26568
936,437580,218078,26658
937,438516,225619,26580
938,439453,223247,26640
939,440391,217219,26778
940,441330,226428,26745
941,442270,230656,26832
942,443211,214404,26946
943,444153,229267,26868
944,445096,230387,26703
945,446040,222305,26925
946,446985,224777,27093
947,447931,226565,27105
948,448878,226962,26985
949,449826,226412,27054
950,450775,227071,27129
951,451725,220361,27318
952,452676,221128,27273
953,453628,231812,27093
954,454581,224763,27183
955,455535,226764,27252
956,456490,237110,27252
957,457446,234723,27219
958,458403,233845,27273
959,459361,229407,27300
960,460320,232892,27453
961,461280,221375,27594
962,462241,227650,27534
963,463203,227584,27354
964,464166,235165,27504
965,465130,229079,27660
966,466095,240546,27609
967,467061,228354,27759
968,468028,238546,27555
969,468996,238516,27651
970,469965,233892,27747
971,470935,225587,27744
972,471906,237638,27921
973,472878,238384,27978
974,473851,231823,27798
975,474825,236458,27786
976,475800,234789,27993
977,476776,236059,28059
978,477753,229260,27975
979,478731,247404,27984
980,479710,237348,28140
981,480690,236418,28221
982,481671,240867,28176
983,482653,244721,28122
984,483636,244026,28239
985,484620,239298,28350
986,485605,243227,28194
987,486591,241759,28350
988,487578,234748,28416
989,488566,246263,28518
990,489555,249848,28377
991,490545,244955,28401
992,491536,247513,28464
993,492528,253848,28428
994,493521,237535,28425
995,494515,250100,28662
996,495510,255736,28599
997,496506,255591,28788
998,497503,239802,28740
999,498501,246194,28656
1000,499500,244667,28767
