tamanho;bubble;insertion;heap;merge;quick;radix
1,0,0,0
2,1,1,9
3,3,2,15
4,6,3,30
5,10,4,36
6,15,5,51
7,21,6,57
8,28,7,78
9,36,8,90
10,45,9,105
11,55,10,117
12,66,11,138
13,78,12,150
14,91,13,165
15,105,14,177
16,120,15,198
17,136,16,216
18,153,17,237
19,171,18,249
20,190,19,270
21,210,20,282
22,231,21,309
23,253,22,321
24,276,23,342
25,300,24,360
26,325,25,381
27,351,26,393
28,378,27,414
29,406,28,426
30,435,29,453
31,465,30,465
32,496,31,486
33,528,32,510
34,561,33,537
35,595,34,555
36,630,35,570
37,666,36,594
38,703,37,621
39,741,38,639
40,780,39,666
41,820,40,678
42,861,41,705
43,903,42,729
44,946,43,750
45,990,44,762
46,1035,45,795
47,1081,46,813
48,1128,47,834
49,1176,48,858
50,1225,49,885
51,1275,50,903
52,1326,51,918
53,1378,52,942
54,1431,53,969
55,1485,54,987
56,1540,55,1014
57,1596,56,1026
58,1653,57,1053
59,1711,58,1077
60,1770,59,1098
61,1830,60,1110
62,1891,61,1143
63,1953,62,1161
64,2016,63,1182
65,2080,64,1212
66,2145,65,1239
67,2211,66,1263
68,2278,67,1278
69,2346,68,1302
70,2415,69,1335
71,2485,70,1359
72,2556,71,1374
73,2628,72,1404
74,2701,73,1437
75,2775,74,1461
76,2850,75,1470
77,2926,76,1500
78,3003,77,1533
79,3081,78,1557
80,3160,79,1578
81,3240,80,1602
82,3321,81,1629
83,3403,82,1653
84,3486,83,1674
85,3570,84,1698
86,3655,85,1731
87,3741,86,1755
88,3828,87,1758
89,3916,88,1788
90,4005,89,1833
91,4095,90,1851
92,4186,91,1866
93,4278,92,1896
94,4371,93,1929
95,4465,94,1953
96,4560,95,1968
97,4656,96,1992
98,4753,97,2031
99,4851,98,2055
100,4950,99,2070
101,5050,100,2094
102,5151,101,2127
103,5253,102,2151
104,5356,103,2160
105,5460,104,2178
106,5565,105,2229
107,5671,106,2253
108,5778,107,2262
109,5886,108,2292
110,5995,109,2325
111,6105,110,2349
112,6216,111,2358
113,6328,112,2388
114,6441,113,2421
115,6555,114,2445
116,6670,115,2466
117,6786,116,2490
118,6903,117,2523
119,7021,118,2547
120,7140,119,2538
121,7260,120,2568
122,7381,121,2625
123,7503,122,2643
124,7626,123,2658
125,7750,124,2688
126,7875,125,2721
127,8001,126,2745
128,8128,127,2742
129,8256,128,2772
130,8385,129,2829
131,8515,130,2859
132,8646,131,2886
133,8778,132,2910
134,8911,133,2937
135,9045,134,2961
136,9180,135,2994
137,9316,136,3012
138,9453,137,3051
139,9591,138,3075
140,9730,139,3108
141,9870,140,3126
142,10011,141,3159
143,10153,142,3189
144,10296,143,3204
145,10440,144,3234
146,10585,145,3267
147,10731,146,3297
148,10878,147,3330
149,11026,148,3348
150,11175,149,3387
151,11325,150,3405
152,11476,151,3420
153,11628,152,3444
154,11781,153,3501
155,11935,154,3519
156,12090,155,3546
157,12246,156,3570
158,12403,157,3597
159,12561,158,3633
160,12720,159,3648
161,12880,160,3666
162,13041,161,3711
163,13203,162,3735
164,13366,163,3768
165,13530,164,3798
166,13695,165,3831
167,13861,166,3849
168,14028,167,3876
169,14196,168,3894
170,14365,169,3939
171,14535,170,3957
172,14706,171,3996
173,14878,172,4008
174,15051,173,4047
175,15225,174,4077
176,15400,175,4086
177,15576,176,4116
178,15753,177,4155
179,15931,178,4179
180,16110,179,4212
181,16290,180,4236
182,16471,181,4269
183,16653,182,4287
184,16836,183,4308
185,17020,184,4332
186,17205,185,4383
187,17391,186,4401
188,17578,187,4428
189,17766,188,4452
190,17955,189,4485
191,18145,190,4515
192,18336,191,4524
193,18528,192,4548
194,18721,193,4593
195,18915,194,4611
196,19110,195,4650
197,19306,196,4680
198,19503,197,4707
199,19701,198,4737
200,19900,199,4764
201,20100,200,4782
202,20301,201,4815
203,20503,202,4839
204,20706,203,4866
205,20910,204,4902
206,21115,205,4929
207,21321,206,4959
208,21528,207,4974
209,21736,208,5004
210,21945,209,5043
211,22155,210,5061
212,22366,211,5100
213,22578,212,5124
214,22791,213,5157
215,23005,214,5175
216,23220,215,5184
217,23436,216,5220
218,23653,217,5271
219,23871,218,5289
220,24090,219,5316
221,24310,220,5346
222,24531,221,5361
223,24753,222,5403
224,24976,223,5406
225,25200,224,5442
226,25425,225,5481
227,25651,226,5511
228,25878,227,5544
229,26106,228,5562
230,26335,229,5595
231,26565,230,5625
232,26796,231,5646
233,27028,232,5670
234,27261,233,5703
235,27495,234,5727
236,27730,235,5772
237,27966,236,5778
238,28203,237,5817
239,28441,238,5847
240,28680,239,5856
241,28920,240,5886
242,29161,241,5931
243,29403,242,5949
244,29646,243,5988
245,29890,244,6012
246,30135,245,6045
247,30381,246,6057
248,30628,247,6072
249,30876,248,6102
250,31125,249,6159
251,31375,250,6171
252,31626,251,6198
253,31878,252,6228
254,32131,253,6255
255,32385,254,6285
256,32640,255,6300
257,32896,256,6318
258,33153,257,6369
259,33411,258,6411
260,33670,259,6432
261,33930,260,6456
262,34191,261,6507
263,34453,262,6525
264,34716,263,6534
265,34980,264,6582
266,35245,265,6627
267,35511,266,6645
268,35778,267,6666
269,36046,268,6714
270,36315,269,6735
271,36585,270,6765
272,36856,271,6792
273,37128,272,6822
274,37401,273,6861
275,37675,274,6891
276,37950,275,6912
277,38226,276,6954
278,38503,277,6987
279,38781,278,7011
280,39060,279,7038
281,39340,280,7068
282,39621,281,7107
283,39903,282,7143
284,40186,283,7158
285,40470,284,7194
286,40755,285,7227
287,41041,286,7269
288,41328,287,7284
289,41616,288,7296
290,41905,289,7359
291,42195,290,7377
292,42486,291,7428
293,42778,292,7458
294,43071,293,7485
295,43365,294,7515
296,43660,295,7524
297,43956,296,7548
298,44253,297,7599
299,44551,298,7635
300,44850,299,7680
301,45150,300,7710
302,45451,301,7731
303,45753,302,7761
304,46056,303,7752
305,46360,304,7788
306,46665,305,7857
307,46971,306,7875
308,47278,307,7908
309,47586,308,7956
310,47895,309,7983
311,48205,310,8007
312,48516,311,8016
313,48828,312,8052
314,49141,313,8103
315,49455,314,8121
316,49770,315,8160
317,50086,316,8202
318,50403,317,8235
319,50721,318,8253
320,51040,319,8250
321,51360,320,8274
322,51681,321,8331
323,52003,322,8367
324,52326,323,8400
325,52650,324,8448
326,52975,325,8475
327,53301,326,8499
328,53628,327,8490
329,53956,328,8544
330,54285,329,8589
331,54615,330,8607
332,54946,331,8652
333,55278,332,8688
334,55611,333,8715
335,55945,334,8751
336,56280,335,8760
337,56616,336,8778
338,56953,337,8847
339,57291,338,8865
340,57630,339,8916
341,57970,340,8934
342,58311,341,8979
343,58653,342,8997
344,58996,343,8982
345,59340,344,9042
346,59685,345,9087
347,60031,346,9111
348,60378,347,9150
349,60726,348,9186
350,61075,349,9219
351,61425,350,9237
352,61776,351,9240
353,62128,352,9258
354,62481,353,9327
355,62835,354,9339
356,63190,355,9408
357,63546,356,9432
358,63903,357,9459
359,64261,358,9495
360,64620,359,9480
361,64980,360,9522
362,65341,361,9573
363,65703,362,9609
364,66066,363,9642
365,66430,364,9672
366,66795,365,9717
367,67161,366,9729
368,67528,367,9726
369,67896,368,9762
370,68265,369,9825
371,68635,370,9855
372,69006,371,9876
373,69378,372,9924
374,69751,373,9945
375,70125,374,9975
376,70500,375,9984
377,70876,376,10026
378,71253,377,10077
379,71631,378,10095
380,72010,379,10140
381,72390,380,10164
382,72771,381,10191
383,73153,382,10209
384,73536,383,10206
385,73920,384,10248
386,74305,385,10293
387,74691,386,10335
388,75078,387,10368
389,75466,388,10410
390,75855,389,10431
391,76245,390,10443
392,76636,391,10482
393,77028,392,10506
394,77421,393,10545
395,77815,394,10575
396,78210,395,10620
397,78606,396,10656
398,79003,397,10671
399,79401,398,10707
400,79800,399,10716
401,80200,400,10758
402,80601,401,10797
403,81003,402,10803
404,81406,403,10842
405,81810,404,10890
406,82215,405,10929
407,82621,406,10953
408,83028,407,10974
409,83436,408,10992
410,83845,409,11043
411,84255,410,11055
412,84666,411,11100
413,85078,412,11130
414,85491,413,11169
415,85905,414,11205
416,86320,415,11202
417,86736,416,11226
418,87153,417,11295
419,87571,418,11307
420,87990,419,11364
421,88410,420,11388
422,88831,421,11421
423,89253,422,11445
424,89676,423,11460
425,90100,424,11484
426,90525,425,11535
427,90951,426,11559
428,91378,427,11598
429,91806,428,11628
430,92235,429,11667
431,92665,430,11691
432,93096,431,11700
433,93528,432,11724
434,93961,433,11769
435,94395,434,11805
436,94830,435,11838
437,95266,436,11886
438,95703,437,11913
439,96141,438,11937
440,96580,439,11946
441,97020,440,11976
442,97461,441,12033
443,97903,442,12051
444,98346,443,12090
445,98790,444,12126
446,99235,445,12159
447,99681,446,12189
448,100128,447,12192
449,100576,448,12222
450,101025,449,12261
451,101475,450,12291
452,101926,451,12324
453,102378,452,12360
454,102831,453,12405
455,103285,454,12417
456,103740,455,12438
457,104196,456,12480
458,104653,457,12507
459,105111,458,12543
460,105570,459,12582
461,106030,460,12618
462,106491,461,12645
463,106953,462,12669
464,107416,463,12696
465,107880,464,12708
466,108345,465,12771
467,108811,466,12801
468,109278,467,12822
469,109746,468,12864
470,110215,469,12897
471,110685,470,12903
472,111156,471,12918
473,111628,472,12966
474,112101,473,13011
475,112575,474,13047
476,113050,475,13074
477,113526,476,13104
478,114003,477,13131
479,114481,478,13179
480,114960,479,13188
481,115440,480,13200
482,115921,481,13257
483,116403,482,13281
484,116886,483,13326
485,117370,484,13362
486,117855,485,13395
487,118341,486,13407
488,118828,487,13434
489,119316,488,13470
490,119805,489,13509
491,120295,490,13533
492,120786,491,13584
493,121278,492,13602
494,121771,493,13635
495,122265,494,13653
496,122760,495,13674
497,123256,496,13704
498,123753,497,13755
499,124251,498,13791
500,124750,499,13812
501,125250,500,13836
502,125751,501,13881
503,126253,502,13887
504,126756,503,13920
505,127260,504,13956
506,127765,505,13995
507,128271,506,14037
508,128778,507,14076
509,129286,508,14094
510,129795,509,14115
511,130305,510,14133
512,130816,511,14160
513,131328,512,14190
514,131841,513,14247
515,132355,514,14283
516,132870,515,14328
517,133386,516,14352
518,133903,517,14379
519,134421,518,14439
520,134940,519,14406
521,135460,520,14430
522,135981,521,14517
523,136503,522,14541
524,137026,523,14574
525,137550,524,14616
526,138075,525,14679
527,138601,526,14697
528,139128,527,14736
529,139656,528,14748
530,140185,529,14793
531,140715,530,14811
532,141246,531,14862
533,141778,532,14904
534,142311,533,14943
535,142845,534,14967
536,143380,535,14946
537,143916,536,14976
538,144453,537,15051
539,144991,538,15093
540,145530,539,15120
541,146070,540,15180
542,146611,541,15207
543,147153,542,15231
544,147696,543,15228
545,148240,544,15258
546,148785,545,15327
547,149331,546,15333
548,149878,547,15384
549,150426,548,15402
550,150975,549,15471
551,151525,550,15495
552,152076,551,15498
553,152628,552,15510
554,153181,553,15603
555,153735,554,15621
556,154290,555,15666
557,154846,556,15696
558,155403,557,15741
559,155961,558,15771
560,156520,559,15786
561,157080,560,15822
562,157641,561,15849
563,158203,562,15873
564,158766,563,15918
565,159330,564,15972
566,159895,565,16011
567,160461,566,16011
568,161028,567,16014
569,161596,568,16050
570,162165,569,16125
571,162735,570,16149
572,163306,571,16188
573,163878,572,16236
574,164451,573,16251
575,165025,574,16305
576,165600,575,16326
577,166176,576,16374
578,166753,577,16413
579,167331,578,16407
580,167910,579,16458
581,168490,580,16506
582,169071,581,16545
583,169653,582,16569
584,170236,583,16560
585,170820,584,16596
586,171405,585,16683
587,171991,586,16701
588,172578,587,16728
589,173166,588,16794
590,173755,589,16815
591,174345,590,16857
592,174936,591,16872
593,175528,592,16914
594,176121,593,16923
595,176715,594,16971
596,177310,595,17004
597,177906,596,17040
598,178503,597,17097
599,179101,598,17109
600,179700,599,17112
601,180300,600,17142
602,180901,601,17217
603,181503,602,17223
604,182106,603,17262
605,182710,604,17316
606,183315,605,17355
607,183921,606,17409
608,184528,607,17400
609,185136,608,17448
610,185745,609,17487
611,186355,610,17505
612,186966,611,17562
613,187578,612,17574
614,188191,613,17649
615,188805,614,17649
616,189420,615,17646
617,190036,616,17664
618,190653,617,17733
619,191271,618,17757
620,191890,619,17832
621,192510,620,17844
622,193131,621,17889
623,193753,622,17937
624,194376,623,17940
625,195000,624,17982
626,195625,625,18003
627,196251,626,18033
628,196878,627,18066
629,197506,628,18126
630,198135,629,18177
631,198765,630,18171
632,199396,631,18174
633,200028,632,18198
634,200661,633,18291
635,201295,634,18297
636,201930,635,18348
637,202566,636,18390
638,203203,637,18411
639,203841,638,18465
640,204480,639,18486
641,205120,640,18516
642,205761,641,18573
643,206403,642,18591
644,207046,643,18624
645,207690,644,18672
646,208335,645,18717
647,208981,646,18729
648,209628,647,18726
649,210276,648,18732
650,210925,649,18837
651,211575,650,18843
652,212226,651,18894
653,212878,652,18930
654,213531,653,18963
655,214185,654,19011
656,214840,655,19014
657,215496,656,19056
658,216153,657,19113
659,216811,658,19125
660,217470,659,19170
661,218130,660,19206
662,218791,661,19257
663,219453,662,19263
664,220116,663,19272
665,220780,664,19290
666,221445,665,19371
667,222111,666,19389
668,222778,667,19422
669,223446,668,19494
670,224115,669,19503
671,224785,670,19551
672,225456,671,19566
673,226128,672,19584
674,226801,673,19647
675,227475,674,19653
676,228150,675,19698
677,228826,676,19746
678,229503,677,19797
679,230181,678,19797
680,230860,679,19824
681,231540,680,19854
682,232221,681,19905
683,232903,682,19929
684,233586,683,19974
685,234270,684,20022
686,234955,685,20043
687,235641,686,20085
688,236328,687,20100
689,237016,688,20130
690,237705,689,20169
691,238395,690,20199
692,239086,691,20238
693,239778,692,20280
694,240471,693,20331
695,241165,694,20337
696,241860,695,20376
697,242556,696,20394
698,243253,697,20439
699,243951,698,20469
700,244650,699,20514
701,245350,700,20550
702,246051,701,20583
703,246753,702,20613
704,247456,703,20646
705,248160,704,20682
706,248865,705,20727
707,249571,706,20757
708,250278,707,20790
709,250986,708,20808
710,251695,709,20859
711,252405,710,20877
712,253116,711,20910
713,253828,712,20934
714,254541,713,20991
715,255255,714,21015
716,255970,715,21054
717,256686,716,21090
718,257403,717,21117
719,258121,718,21171
720,258840,719,21192
721,259560,720,21222
722,260281,721,21255
723,261003,722,21297
724,261726,723,21336
725,262450,724,21360
726,263175,725,21411
727,263901,726,21417
728,264628,727,21456
729,265356,728,21474
730,266085,729,21525
731,266815,730,21543
732,267546,731,21582
733,268278,732,21636
734,269011,733,21669
735,269745,734,21711
736,270480,735,21714
737,271216,736,21750
738,271953,737,21813
739,272691,738,21819
740,273430,739,21840
741,274170,740,21882
742,274911,741,21951
743,275653,742,21963
744,276396,743,22002
745,277140,744,22032
746,277885,745,22071
747,278631,746,22083
748,279378,747,22122
749,280126,748,22164
750,280875,749,22203
751,281625,750,22251
752,282376,751,22248
753,283128,752,22296
754,283881,753,22317
755,284635,754,22341
756,285390,755,22386
757,286146,756,22422
758,286903,757,22491
759,287661,758,22485
760,288420,759,22542
761,289180,760,22566
762,289941,761,22599
763,290703,762,22617
764,291466,763,22668
765,292230,764,22698
766,292995,765,22731
767,293761,766,22773
768,294528,767,22806
769,295296,768,22848
770,296065,769,22893
771,296835,770,22929
772,297606,771,22956
773,298378,772,22968
774,299151,773,23007
775,299925,774,23049
776,300700,775,23028
777,301476,776,23058
778,302253,777,23157
779,303031,778,23187
780,303810,779,23220
781,304590,780,23232
782,305371,781,23295
783,306153,782,23343
784,306936,783,23364
785,307720,784,23388
786,308505,785,23421
787,309291,786,23469
788,310078,787,23508
789,310866,788,23526
790,311655,789,23589
791,312445,790,23613
792,313236,791,23568
793,314028,792,23586
794,314821,793,23697
795,315615,794,23727
796,316410,795,23766
797,317206,796,23820
798,318003,797,23853
799,318801,798,23853
800,319600,799,23862
801,320400,800,23910
802,321201,801,23937
803,322003,802,23961
804,322806,803,24018
805,323610,804,24024
806,324415,805,24093
807,325221,806,24111
808,326028,807,24102
809,326836,808,24132
810,327645,809,24207
811,328455,810,24237
812,329266,811,24300
813,330078,812,24318
814,330891,813,24357
815,331705,814,24393
816,332520,815,24396
817,333336,816,24438
818,334153,817,24471
819,334971,818,24489
820,335790,819,24528
821,336610,820,24594
822,337431,821,24627
823,338253,822,24645
824,339076,823,24624
825,339900,824,24666
826,340725,825,24741
827,341551,826,24765
828,342378,827,24810
829,343206,828,24846
830,344035,829,24879
831,344865,830,24921
832,345696,831,24954
833,346528,832,24990
834,347361,833,25023
835,348195,834,25047
836,349030,835,25092
837,349866,836,25134
838,350703,837,25167
839,351541,838,25185
840,352380,839,25194
841,353220,840,25212
842,354061,841,25293
843,354903,842,25323
844,355746,843,25362
845,356590,844,25404
846,357435,845,25425
847,358281,846,25473
848,359128,847,25500
849,359976,848,25530
850,360825,849,25569
851,361675,850,25605
852,362526,851,25638
853,363378,852,25662
854,364231,853,25719
855,365085,854,25737
856,365940,855,25728
857,366796,856,25764
858,367653,857,25821
859,368511,858,25845
860,369370,859,25896
861,370230,860,25944
862,371091,861,25977
863,371953,862,26019
864,372816,863,26010
865,373680,864,26064
866,374545,865,26085
867,375411,866,26133
868,376278,867,26172
869,377146,868,26196
870,378015,869,26259
871,378885,870,26259
872,379756,871,26244
873,380628,872,26286
874,381501,873,26355
875,382375,874,26397
876,383250,875,26442
877,384126,876,26472
878,385003,877,26499
879,385881,878,26553
880,386760,879,26568
881,387640,880,26598
882,388521,881,26625
883,389403,882,26655
884,390286,883,26688
885,391170,884,26748
886,392055,885,26793
887,392941,886,26793
888,393828,887,26796
889,394716,888,26826
890,395605,889,26895
891,396495,890,26925
892,397386,891,26982
893,398278,892,27018
894,399171,893,27033
895,400065,894,27081
896,400960,895,27120
897,401856,896,27156
898,402753,897,27177
899,403651,898,27207
900,404550,899,27228
901,405450,900,27294
902,406351,901,27321
903,407253,902,27333
904,408156,903,27336
905,409060,904,27348
906,409965,905,27453
907,410871,906,27477
908,411778,907,27510
909,412686,908,27552
910,413595,909,27585
911,414505,910,27627
912,415416,911,27648
913,416328,912,27678
914,417241,913,27723
915,418155,914,27753
916,419070,915,27786
917,419986,916,27822
918,420903,917,27861
919,421821,918,27879
920,422740,919,27888
921,423660,920,27912
922,424581,921,27975
923,425503,922,28005
924,426426,923,28026
925,427350,924,28104
926,428275,925,28131
927,429201,926,28167
928,430128,927,28182
929,431056,928,28212
930,431985,929,28251
931,432915,930,28287
932,433846,931,28332
933,434778,932,28350
934,435711,933,28401
935,436645,934,28407
936,437580,935,28440
937,438516,936,28458
938,439453,937,28521
939,440391,938,28563
940,441330,939,28590
941,442270,940,28644
942,443211,941,28653
943,444153,942,28695
944,445096,943,28722
945,446040,944,28752
946,446985,945,28791
947,447931,946,28797
948,448878,947,28854
949,449826,948,28896
950,450775,949,28941
951,451725,950,28953
952,452676,951,28962
953,453628,952,29010
954,454581,953,29055
955,455535,954,29103
956,456490,955,29136
957,457446,956,29160
958,458403,957,29199
959,459361,958,29223
960,460320,959,29262
961,461280,960,29304
962,462241,961,29337
963,463203,962,29373
964,464166,963,29418
965,465130,964,29436
966,466095,965,29469
967,467061,966,29505
968,468028,967,29526
969,468996,968,29556
970,469965,969,29619
971,470935,970,29643
972,471906,971,29670
973,472878,972,29712
974,473851,973,29745
975,474825,974,29793
976,475800,975,29826
977,476776,976,29844
978,477753,977,29877
979,478731,978,29925
980,479710,979,29964
981,480690,980,29988
982,481671,981,30027
983,482653,982,30045
984,483636,983,30078
985,484620,984,30096
986,485605,985,30159
987,486591,986,30159
988,487578,987,30204
989,488566,988,30252
990,489555,989,30279
991,490545,990,30333
992,491536,991,30354
993,492528,992,30372
994,493521,993,30405
995,494515,994,30441
996,495510,995,30474
997,496506,996,30510
998,497503,997,30579
999,498501,998,30579
1000,499500,999,30624
