tamanho;bubble;insertion;heap;merge;quick;radix
1,0,0,0
2,1,2,6
3,3,5,12
4,6,9,18
5,10,14,30
6,15,20,36
7,21,27,42
8,28,35,60
9,36,44,72
10,45,54,78
11,55,65,84
12,66,77,102
13,78,90,120
14,91,104,126
15,105,119,138
16,120,135,150
17,136,152,162
18,153,170,180
19,171,189,198
20,190,209,216
21,210,230,222
22,231,252,240
23,253,275,252
24,276,299,276
25,300,324,276
26,325,350,300
27,351,377,318
28,378,405,330
29,406,434,342
30,435,464,366
31,465,495,378
32,496,527,384
33,528,560,402
34,561,594,426
35,595,629,444
36,630,665,462
37,666,702,468
38,703,740,486
39,741,779,504
40,780,819,522
41,820,860,546
42,861,902,576
43,903,945,600
44,946,989,606
45,990,1034,618
46,1035,1080,624
47,1081,1127,636
48,1128,1175,654
49,1176,1224,672
50,1225,1274,696
51,1275,1325,726
52,1326,1377,738
53,1378,1430,774
54,1431,1484,780
55,1485,1539,798
56,1540,1595,810
57,1596,1652,828
58,1653,1710,852
59,1711,1769,876
60,1770,1829,882
61,1830,1890,918
62,1891,1952,918
63,1953,2015,954
64,2016,2079,960
65,2080,2144,990
66,2145,2210,1014
67,2211,2277,1020
68,2278,2345,1038
69,2346,2414,1044
70,2415,2484,1080
71,2485,2555,1086
72,2556,2627,1104
73,2628,2700,1128
74,2701,2774,1158
75,2775,2849,1170
76,2850,2925,1200
77,2926,3002,1224
78,3003,3080,1248
79,3081,3159,1242
80,3160,3239,1278
81,3240,3320,1290
82,3321,3402,1326
83,3403,3485,1332
84,3486,3569,1356
85,3570,3654,1368
86,3655,3740,1398
87,3741,3827,1410
88,3828,3915,1458
89,3916,4004,1476
90,4005,4094,1488
91,4095,4185,1506
92,4186,4277,1536
93,4278,4370,1536
94,4371,4464,1554
95,4465,4559,1560
96,4560,4655,1608
97,4656,4752,1608
98,4753,4850,1644
99,4851,4949,1644
100,4950,5049,1698
101,5050,5150,1698
102,5151,5252,1740
103,5253,5355,1734
104,5356,5459,1782
105,5460,5564,1800
106,5565,5670,1818
107,5671,5777,1824
108,5778,5885,1860
109,5886,5994,1890
110,5995,6104,1902
111,6105,6215,1920
112,6216,6327,1962
113,6328,6440,1968
114,6441,6554,2010
115,6555,6669,2016
116,6670,6785,2028
117,6786,6902,2064
118,6903,7020,2064
119,7021,7139,2082
120,7140,7259,2112
121,7260,7380,2142
122,7381,7502,2148
123,7503,7625,2166
124,7626,7749,2214
125,7750,7874,2208
126,7875,8000,2232
127,8001,8127,2256
128,8128,8255,2298
129,8256,8384,2304
130,8385,8514,2322
131,8515,8645,2340
132,8646,8777,2370
133,8778,8910,2412
134,8911,9044,2412
135,9045,9179,2460
136,9180,9315,2496
137,9316,9452,2478
138,9453,9590,2502
139,9591,9729,2538
140,9730,9869,2550
141,9870,10010,2580
142,10011,10152,2568
143,10153,10295,2622
144,10296,10439,2658
145,10440,10584,2682
146,10585,10730,2676
147,10731,10877,2700
148,10878,11025,2742
149,11026,11174,2754
150,11175,11324,2772
151,11325,11475,2808
152,11476,11627,2844
153,11628,11780,2856
154,11781,11934,2862
155,11935,12089,2916
156,12090,12245,2898
157,12246,12402,2922
158,12403,12560,2982
159,12561,12719,3006
160,12720,12879,3024
161,12880,13040,3012
162,13041,13202,3054
163,13203,13365,3096
164,13366,13529,3108
165,13530,13694,3138
166,13695,13860,3138
167,13861,14027,3162
168,14028,14195,3186
169,14196,14364,3246
170,14365,14534,3222
171,14535,14705,3276
172,14706,14877,3264
173,14878,15050,3294
174,15051,15224,3324
175,15225,15399,3390
176,15400,15575,3360
177,15576,15752,3402
178,15753,15930,3420
179,15931,16109,3462
180,16110,16289,3456
181,16290,16470,3510
182,16471,16652,3522
183,16653,16835,3600
184,16836,17019,3588
185,17020,17204,3606
186,17205,17390,3612
187,17391,17577,3666
188,17578,17765,3672
189,17766,17954,3708
190,17955,18144,3702
191,18145,18335,3756
192,18336,18527,3762
193,18528,18720,3768
194,18721,18914,3774
195,18915,19109,3834
196,19110,19305,3846
197,19306,19502,3894
198,19503,19700,3876
199,19701,19899,3936
200,19900,20099,3918
201,20100,20300,3972
202,20301,20502,3978
203,20503,20705,4032
204,20706,20909,4050
205,20910,21114,4074
206,21115,21320,4092
207,21321,21527,4152
208,21528,21735,4146
209,21736,21944,4182
210,21945,22154,4200
211,22155,22365,4236
212,22366,22577,4224
213,22578,22790,4236
214,22791,23004,4296
215,23005,23219,4344
216,23220,23435,4308
217,23436,23652,4368
218,23653,23870,4356
219,23871,24089,4452
220,24090,24309,4452
221,24310,24530,4464
222,24531,24752,4476
223,24753,24975,4530
224,24976,25199,4560
225,25200,25424,4566
226,25425,25650,4584
227,25651,25877,4596
228,25878,26105,4632
229,26106,26334,4686
230,26335,26564,4698
231,26565,26795,4728
232,26796,27027,4758
233,27028,27260,4770
234,27261,27494,4776
235,27495,27729,4812
236,27730,27965,4836
237,27966,28202,4812
238,28203,28440,4836
239,28441,28679,4956
240,28680,28919,4914
241,28920,29160,4938
242,29161,29402,4932
243,29403,29645,4986
244,29646,29889,5004
245,29890,30134,5016
246,30135,30380,5040
247,30381,30627,5094
248,30628,30875,5094
249,30876,31124,5160
250,31125,31374,5148
251,31375,31625,5196
252,31626,31877,5202
253,31878,32130,5238
254,32131,32384,5256
255,32385,32639,5322
256,32640,32895,5310
257,32896,33152,5310
258,33153,33410,5334
259,33411,33669,5394
260,33670,33929,5412
261,33930,34190,5424
262,34191,34452,5454
263,34453,34715,5490
264,34716,34979,5514
265,34980,35244,5532
266,35245,35510,5556
267,35511,35777,5604
268,35778,36045,5610
269,36046,36314,5616
270,36315,36584,5664
271,36585,36855,5742
272,36856,37127,5742
273,37128,37400,5718
274,37401,37674,5760
275,37675,37949,5790
276,37950,38225,5808
277,38226,38502,5838
278,38503,38780,5886
279,38781,39059,5946
280,39060,39339,5892
281,39340,39620,5946
282,39621,39902,5976
283,39903,40185,6012
284,40186,40469,6042
285,40470,40754,6024
286,40755,41040,6102
287,41041,41327,6108
288,41328,41615,6126
289,41616,41904,6126
290,41905,42194,6150
291,42195,42485,6198
292,42486,42777,6288
293,42778,43070,6216
294,43071,43364,6294
295,43365,43659,6330
296,43660,43955,6324
297,43956,44252,6318
298,44253,44550,6390
299,44551,44849,6378
300,44850,45149,6432
301,45150,45450,6444
302,45451,45752,6492
303,45753,46055,6558
304,46056,46359,6564
305,46360,46664,6552
306,46665,46970,6618
307,46971,47277,6630
308,47278,47585,6630
309,47586,47894,6642
310,47895,48204,6738
311,48205,48515,6720
312,48516,48827,6750
313,48828,49140,6768
314,49141,49454,6834
315,49455,49769,6840
316,49770,50085,6846
317,50086,50402,6864
318,50403,50720,6930
319,50721,51039,6906
320,51040,51359,6972
321,51360,51680,6966
322,51681,52002,7002
323,52003,52325,7008
324,52326,52649,7056
325,52650,52974,7092
326,52975,53300,7164
327,53301,53627,7140
328,53628,53955,7182
329,53956,54284,7176
330,54285,54614,7218
331,54615,54945,7230
332,54946,55277,7272
333,55278,55610,7284
334,55611,55944,7350
335,55945,56279,7356
336,56280,56615,7380
337,56616,56952,7356
338,56953,57290,7428
339,57291,57629,7416
340,57630,57969,7422
341,57970,58310,7470
342,58311,58652,7518
343,58653,58995,7524
344,58996,59339,7578
345,59340,59684,7626
346,59685,60030,7650
347,60031,60377,7662
348,60378,60725,7674
349,60726,61074,7728
350,61075,61424,7782
351,61425,61775,7776
352,61776,62127,7806
353,62128,62480,7788
354,62481,62834,7878
355,62835,63189,7842
356,63190,63545,7896
357,63546,63902,7908
358,63903,64260,7956
359,64261,64619,7938
360,64620,64979,8010
361,64980,65340,8004
362,65341,65702,8058
363,65703,66065,8058
364,66066,66429,8124
365,66430,66794,8130
366,66795,67160,8226
367,67161,67527,8190
368,67528,67895,8232
369,67896,68264,8256
370,68265,68634,8316
371,68635,69005,8250
372,69006,69377,8364
373,69378,69750,8370
374,69751,70124,8430
375,70125,70499,8412
376,70500,70875,8418
377,70876,71252,8460
378,71253,71630,8514
379,71631,72009,8478
380,72010,72389,8556
381,72390,72770,8574
382,72771,73152,8664
383,73153,73535,8622
384,73536,73919,8634
385,73920,74304,8616
386,74305,74690,8652
387,74691,75077,8706
388,75078,75465,8724
389,75466,75854,8754
390,75855,76244,8814
391,76245,76635,8808
392,76636,77027,8832
393,77028,77420,8796
394,77421,77814,8904
395,77815,78209,8880
396,78210,78605,8946
397,78606,79002,8922
398,79003,79400,9012
399,79401,79799,9072
400,79800,80199,9066
401,80200,80600,9072
402,80601,81002,9126
403,81003,81405,9084
404,81406,81809,9138
405,81810,82214,9168
406,82215,82620,9282
407,82621,83027,9246
408,83028,83435,9300
409,83436,83844,9300
410,83845,84254,9378
411,84255,84665,9324
412,84666,85077,9330
413,85078,85490,9390
414,85491,85904,9516
415,85905,86319,9462
416,86320,86735,9492
417,86736,87152,9522
418,87153,87570,9552
419,87571,87989,9552
420,87990,88409,9630
421,88410,88830,9660
422,88831,89252,9738
423,89253,89675,9684
424,89676,90099,9720
425,90100,90524,9762
426,90525,90950,9822
427,90951,91377,9798
428,91378,91805,9810
429,91806,92234,9846
430,92235,92664,9996
431,92665,93095,9942
432,93096,93527,9942
433,93528,93960,9960
434,93961,94394,10026
435,94395,94829,10014
436,94830,95265,10002
437,95266,95702,10050
438,95703,96140,10140
439,96141,96579,10086
440,96580,97019,10152
441,97020,97460,10122
442,97461,97902,10206
443,97903,98345,10200
444,98346,98789,10254
445,98790,99234,10272
446,99235,99680,10422
447,99681,100127,10374
448,100128,100575,10404
449,100576,101024,10380
450,101025,101474,10434
451,101475,101925,10446
452,101926,102377,10464
453,102378,102830,10524
454,102831,103284,10602
455,103285,103739,10524
456,103740,104195,10608
457,104196,104652,10614
458,104653,105110,10686
459,105111,105569,10674
460,105570,106029,10728
461,106030,106490,10734
462,106491,106952,10854
463,106953,107415,10836
464,107416,107879,10848
465,107880,108344,10806
466,108345,108810,10920
467,108811,109277,10896
468,109278,109745,10938
469,109746,110214,10968
470,110215,110684,11046
471,110685,111155,10980
472,111156,111627,11016
473,111628,112100,11052
474,112101,112574,11136
475,112575,113049,11124
476,113050,113525,11142
477,113526,114002,11166
478,114003,114480,11292
479,114481,114959,11268
480,114960,115439,11214
481,115440,115920,11232
482,115921,116402,11316
483,116403,116885,11316
484,116886,117369,11370
485,117370,117854,11376
486,117855,118340,11460
487,118341,118827,11418
488,118828,119315,11460
489,119316,119804,11454
490,119805,120294,11520
491,120295,120785,11580
492,120786,121277,11574
493,121278,121770,11592
494,121771,122264,11706
495,122265,122759,11652
496,122760,123255,11694
497,123256,123752,11694
498,123753,124250,11730
499,124251,124749,11772
500,124750,125249,11778
501,125250,125750,11844
502,125751,126252,11904
503,126253,126755,11850
504,126756,127259,11880
505,127260,127764,11916
506,127765,128270,12012
507,128271,128777,11964
508,128778,129285,11976
509,129286,129794,12018
510,129795,130304,12162
511,130305,130815,12102
512,130816,131327,12084
513,131328,131840,12114
514,131841,132354,12210
515,132355,132869,12222
516,132870,133385,12198
517,133386,133902,12300
518,133903,134420,12384
519,134421,134939,12306
520,134940,135459,12282
521,135460,135980,12336
522,135981,136502,12432
523,136503,137025,12468
524,137026,137549,12432
525,137550,138074,12498
526,138075,138600,12552
527,138601,139127,12576
528,139128,139655,12516
529,139656,140184,12570
530,140185,140714,12672
531,140715,141245,12684
532,141246,141777,12672
533,141778,142310,12732
534,142311,142844,12774
535,142845,143379,12738
536,143380,143915,12816
537,143916,144452,12804
538,144453,144990,12852
539,144991,145529,12900
540,145530,146069,12918
541,146070,146610,13002
542,146611,147152,13056
543,147153,147695,13032
544,147696,148239,13008
545,148240,148784,13050
546,148785,149330,13110
547,149331,149877,13158
548,149878,150425,13122
549,150426,150974,13224
550,150975,151524,13242
551,151525,152075,13212
552,152076,152627,13218
553,152628,153180,13248
554,153181,153734,13314
555,153735,154289,13344
556,154290,154845,13368
557,154846,155402,13434
558,155403,155960,13506
559,155961,156519,13530
560,156520,157079,13530
561,157080,157640,13530
562,157641,158202,13614
563,158203,158765,13614
564,158766,159329,13596
565,159330,159894,13710
566,159895,160460,13758
567,160461,161027,13722
568,161028,161595,13728
569,161596,162164,13746
570,162165,162734,13806
571,162735,163305,13770
572,163306,163877,13854
573,163878,164450,13926
574,164451,165024,13932
575,165025,165599,13896
576,165600,166175,13878
577,166176,166752,13932
578,166753,167330,14016
579,167331,167909,14046
580,167910,168489,14040
581,168490,169070,14142
582,169071,169652,14142
583,169653,170235,14154
584,170236,170819,14130
585,170820,171404,14190
586,171405,171990,14268
587,171991,172577,14292
588,172578,173165,14304
589,173166,173754,14388
590,173755,174344,14424
591,174345,174935,14382
592,174936,175527,14406
593,175528,176120,14466
594,176121,176714,14508
595,176715,177309,14466
596,177310,177905,14496
597,177906,178502,14580
598,178503,179100,14580
599,179101,179699,14616
600,179700,180299,14616
601,180300,180900,14622
602,180901,181502,14712
603,181503,182105,14736
604,182106,182709,14736
605,182710,183314,14814
606,183315,183920,14820
607,183921,184527,14850
608,184528,185135,14880
609,185136,185744,14910
610,185745,186354,14934
611,186355,186965,14958
612,186966,187577,14940
613,187578,188190,15084
614,188191,188804,15024
615,188805,189419,15078
616,189420,190035,15048
617,190036,190652,15114
618,190653,191270,15162
619,191271,191889,15234
620,191890,192509,15198
621,192510,193130,15300
622,193131,193752,15330
623,193753,194375,15336
624,194376,194999,15306
625,195000,195624,15324
626,195625,196250,15378
627,196251,196877,15474
628,196878,197505,15426
629,197506,198134,15474
630,198135,198764,15504
631,198765,199395,15516
632,199396,200027,15534
633,200028,200660,15612
634,200661,201294,15576
635,201295,201929,15654
636,201930,202565,15666
637,202566,203202,15750
638,203203,203840,15792
639,203841,204479,15792
640,204480,205119,15774
641,205120,205760,15858
642,205761,206402,15810
643,206403,207045,15894
644,207046,207689,15870
645,207690,208334,15972
646,208335,208980,15960
647,208981,209627,15978
648,209628,210275,16026
649,210276,210924,16080
650,210925,211574,15990
651,211575,212225,16116
652,212226,212877,16176
653,212878,213530,16236
654,213531,214184,16260
655,214185,214839,16254
656,214840,215495,16218
657,215496,216152,16284
658,216153,216810,16272
659,216811,217469,16332
660,217470,218129,16344
661,218130,218790,16518
662,218791,219452,16422
663,219453,220115,16446
664,220116,220779,16470
665,220780,221444,16596
666,221445,222110,16518
667,222111,222777,16590
668,222778,223445,16614
669,223446,224114,16746
670,224115,224784,16692
671,224785,225455,16680
672,225456,226127,16710
673,226128,226800,16776
674,226801,227474,16758
675,227475,228149,16818
676,228150,228825,16806
677,228826,229502,16902
678,229503,230180,16854
679,230181,230859,16932
680,230860,231539,16920
681,231540,232220,16992
682,232221,232902,16944
683,232903,233585,17046
684,233586,234269,17094
685,234270,234954,17196
686,234955,235640,17184
687,235641,236327,17208
688,236328,237015,17220
689,237016,237704,17274
690,237705,238394,17244
691,238395,239085,17268
692,239086,239777,17280
693,239778,240470,17448
694,240471,241164,17352
695,241165,241859,17418
696,241860,242555,17412
697,242556,243252,17472
698,243253,243950,17466
699,243951,244649,17508
700,244650,245349,17544
701,245350,246050,17694
702,246051,246752,17622
703,246753,247455,17652
704,247456,248159,17658
705,248160,248864,17730
706,248865,249570,17682
707,249571,250277,17748
708,250278,250985,17796
709,250986,251694,17868
710,251695,252404,17850
711,252405,253115,17850
712,253116,253827,17868
713,253828,254540,17964
714,254541,255254,17910
715,255255,255969,17964
716,255970,256685,18000
717,256686,257402,18132
718,257403,258120,18120
719,258121,258839,18126
720,258840,259559,18078
721,259560,260280,18168
722,260281,261002,18156
723,261003,261725,18204
724,261726,262449,18168
725,262450,263174,18324
726,263175,263900,18276
727,263901,264627,18306
728,264628,265355,18282
729,265356,266084,18408
730,266085,266814,18378
731,266815,267545,18426
732,267546,268277,18516
733,268278,269010,18630
734,269011,269744,18558
735,269745,270479,18546
736,270480,271215,18570
737,271216,271952,18642
738,271953,272690,18612
739,272691,273429,18666
740,273430,274169,18690
741,274170,274910,18864
742,274911,275652,18810
743,275653,276395,18840
744,276396,277139,18792
745,277140,277884,18942
746,277885,278630,18882
747,278631,279377,18930
748,279378,280125,18936
749,280126,280874,19170
750,280875,281624,19074
751,281625,282375,19056
752,282376,283127,19074
753,283128,283880,19170
754,283881,284634,19086
755,284635,285389,19170
756,285390,286145,19224
757,286146,286902,19392
758,286903,287660,19236
759,287661,288419,19356
760,288420,289179,19254
761,289180,289940,19416
762,289941,290702,19356
763,290703,291465,19410
764,291466,292229,19476
765,292230,292994,19650
766,292995,293760,19530
767,293761,294527,19482
768,294528,295295,19476
769,295296,296064,19524
770,296065,296834,19536
771,296835,297605,19608
772,297606,298377,19566
773,298378,299150,19758
774,299151,299924,19668
775,299925,300699,19710
776,300700,301475,19704
777,301476,302252,19830
778,302253,303030,19734
779,303031,303809,19842
780,303810,304589,19878
781,304590,305370,20076
782,305371,306152,19992
783,306153,306935,19980
784,306936,307719,19962
785,307720,308504,20046
786,308505,309290,19998
787,309291,310077,20076
788,310078,310865,20052
789,310866,311654,20292
790,311655,312444,20214
791,312445,313235,20214
792,313236,314027,20160
793,314028,314820,20316
794,314821,315614,20274
795,315615,316409,20310
796,316410,317205,20376
797,317206,318002,20634
798,318003,318800,20454
799,318801,319599,20460
800,319600,320399,20526
801,320400,321200,20562
802,321201,322002,20520
803,322003,322805,20610
804,322806,323609,20586
805,323610,324414,20784
806,324415,325220,20640
807,325221,326027,20706
808,326028,326835,20700
809,326836,327644,20820
810,327645,328454,20730
811,328455,329265,20784
812,329266,330077,20826
813,330078,330890,21024
814,330891,331704,20946
815,331705,332519,20958
816,332520,333335,20952
817,333336,334152,21078
818,334153,334970,21048
819,334971,335789,21030
820,335790,336609,21048
821,336610,337430,21216
822,337431,338252,21126
823,338253,339075,21150
824,339076,339899,21102
825,339900,340724,21294
826,340725,341550,21258
827,341551,342377,21276
828,342378,343205,21348
829,343206,344034,21612
830,344035,344864,21420
831,344865,345695,21498
832,345696,346527,21414
833,346528,347360,21528
834,347361,348194,21522
835,348195,349029,21558
836,349030,349865,21588
837,349866,350702,21708
838,350703,351540,21564
839,351541,352379,21696
840,352380,353219,21624
841,353220,354060,21780
842,354061,354902,21732
843,354903,355745,21786
844,355746,356589,21774
845,356590,357434,22062
846,357435,358280,21948
847,358281,359127,21948
848,359128,359975,21942
849,359976,360824,22044
850,360825,361674,22032
851,361675,362525,22062
852,362526,363377,22056
853,363378,364230,22164
854,364231,365084,22092
855,365085,365939,22176
856,365940,366795,22176
857,366796,367652,22260
858,367653,368510,22230
859,368511,369369,22290
860,369370,370229,22296
861,370230,371090,22506
862,371091,371952,22422
863,371953,372815,22416
864,372816,373679,22386
865,373680,374544,22620
866,374545,375410,22518
867,375411,376277,22530
868,376278,377145,22566
869,377146,378014,22692
870,378015,378884,22554
871,378885,379755,22638
872,379756,380627,22536
873,380628,381500,22722
874,381501,382374,22698
875,382375,383249,22788
876,383250,384125,22746
877,384126,385002,23040
878,385003,385880,22902
879,385881,386759,22860
880,386760,387639,22872
881,387640,388520,23040
882,388521,389402,22962
883,389403,390285,22998
884,390286,391169,23034
885,391170,392054,23160
886,392055,392940,23088
887,392941,393827,23190
888,393828,394715,23046
889,394716,395604,23280
890,395605,396494,23178
891,396495,397385,23232
892,397386,398277,23286
893,398278,399170,23556
894,399171,400064,23388
895,400065,400959,23388
896,400960,401855,23364
897,401856,402752,23472
898,402753,403650,23520
899,403651,404549,23520
900,404550,405449,23592
901,405450,406350,23712
902,406351,407252,23574
903,407253,408155,23628
904,408156,409059,23622
905,409060,409964,23784
906,409965,410870,23706
907,410871,411777,23718
908,411778,412685,23796
909,412686,413594,24030
910,413595,414504,23868
911,414505,415415,23904
912,415416,416327,23868
913,416328,417240,24000
914,417241,418154,23940
915,418155,419069,23964
916,419070,419985,24090
917,419986,420902,24186
918,420903,421820,24054
919,421821,422739,24054
920,422740,423659,24084
921,423660,424580,24234
922,424581,425502,24192
923,425503,426425,24174
924,426426,427349,24288
925,427350,428274,24510
926,428275,429200,24354
927,429201,430127,24354
928,430128,431055,24366
929,431056,431984,24486
930,431985,432914,24432
931,432915,433845,24456
932,433846,434777,24534
933,434778,435710,24636
934,435711,436644,24534
935,436645,437579,24594
936,437580,438515,24552
937,438516,439452,24732
938,439453,440390,24684
939,440391,441329,24720
940,441330,442269,24786
941,442270,443210,24996
942,443211,444152,24888
943,444153,445095,24876
944,445096,446039,24864
945,446040,446984,25002
946,446985,447930,24924
947,447931,448877,24984
948,448878,449825,25116
949,449826,450774,25122
950,450775,451724,25038
951,451725,452675,25050
952,452676,453627,25116
953,453628,454580,25212
954,454581,455534,25128
955,455535,456489,25200
956,456490,457445,25278
957,457446,458402,25500
958,458403,459360,25332
959,459361,460319,25308
960,460320,461279,25218
961,461280,462240,25482
962,462241,463202,25398
963,463203,464165,25362
964,464166,465129,25464
965,465130,466094,25554
966,466095,467060,25464
967,467061,468027,25506
968,468028,468995,25488
969,468996,469964,25662
970,469965,470934,25674
971,470935,471905,25614
972,471906,472877,25704
973,472878,473850,25980
974,473851,474824,25806
975,474825,475799,25788
976,475800,476775,25734
977,476776,477752,25902
978,477753,478730,25920
979,478731,479709,25842
980,479710,480689,25974
981,480690,481670,26088
982,481671,482652,25908
983,482653,483635,26004
984,483636,484619,25986
985,484620,485604,26184
986,485605,486590,26124
987,486591,487577,26106
988,487578,488565,26178
989,488566,489554,26448
990,489555,490544,26328
991,490545,491535,26244
992,491536,492527,26202
993,492528,493520,26388
994,493521,494514,26430
995,494515,495509,26394
996,495510,496505,26472
997,496506,497502,26562
998,497503,498500,26490
999,498501,499499,26436
1000,499500,500499,26448
